1959.625   314.80
1959.708   313.84
1959.792   313.26
1959.875   314.80
1959.958   315.58
1960.042   316.43
1960.125   316.97
1960.208   317.58
1960.292   319.02
1960.375   320.03
1960.458   319.59
1960.542   318.18
1960.625   315.91
1960.708   314.16
1960.792   313.83
1960.875   315.00
1960.958   316.19
1961.042   316.93
1961.125   317.70
1961.208   318.54
1961.292   319.48
1961.375   320.58
1961.458   319.77
1961.542   318.57
1961.625   316.79
1961.708   314.80
1961.792   315.38
1961.875   316.10
1961.958   317.01
1962.042   317.94
1962.125   318.56
1962.208   319.68
1962.292   320.63
1962.375   321.01
1962.458   320.55
1962.542   319.58
1962.625   317.40
1962.708   316.26
1962.792   315.42
1962.875   316.69
1962.958   317.69
1963.042   318.74
1963.125   319.08
1963.208   319.86
1963.292   321.39
1963.375   322.25
1963.458   321.47
1963.542   319.74
1963.625   317.77
1963.708   316.21
1963.792   315.99
1963.875   317.12
1963.958   318.31
1964.042   319.57
1964.125   -99.99
1964.208   -99.99
1964.292   -99.99
1964.375   322.25
1964.458   321.89
1964.542   320.44
1964.625   318.70
1964.708   316.70
1964.792   316.79
1964.875   317.79
1964.958   318.71
1965.042   319.44
1965.125   320.44
1965.208   320.89
1965.292   322.13
1965.375   322.16
1965.458   321.87
1965.542   321.39
1965.625   318.81
1965.708   317.81
1965.792   317.30
1965.875   318.87
1965.958   319.42
1966.042   320.62
1966.125   321.59
1966.208   322.39
1966.292   323.87
1966.375   324.01
1966.458   323.75
1966.542   322.39
1966.625   320.37
1966.708   318.64
1966.792   318.10
1966.875   319.79
1966.958   321.08
1967.042   322.07
1967.125   322.50
1967.208   323.04
1967.292   324.42
1967.375   325.00
1967.458   324.09
1967.542   322.55
1967.625   320.92
1967.708   319.31
1967.792   319.31
1967.875   320.72
1967.958   321.96
1968.042   322.57
1968.125   323.15
1968.208   323.89
1968.292   325.02
1968.375   325.57
1968.458   325.36
1968.542   324.14
1968.625   322.03
1968.708   320.41
1968.792   320.25
1968.875   321.31
1968.958   322.84
1969.042   324.00
1969.125   324.42
1969.208   325.64
1969.292   326.66
1969.375   327.34
1969.458   326.76
1969.542   325.88
1969.625   323.67
1969.708   322.38
1969.792   321.78
1969.875   322.85
1969.958   324.11
1970.042   325.03
1970.125   325.99
1970.208   326.87
1970.292   328.13
1970.375   328.07
1970.458   327.66
1970.542   326.35
1970.625   324.69
1970.708   323.10
1970.792   323.16
1970.875   323.98
1970.958   325.13
1971.042   326.17
1971.125   326.68
1971.208   327.18
1971.292   327.78
1971.375   328.92
1971.458   328.57
1971.542   327.34
1971.625   325.46
1971.708   323.36
1971.792   323.57
1971.875   324.80
1971.958   326.01
1972.042   326.77
1972.125   327.63
1972.208   327.75
1972.292   329.72
1972.375   330.07
1972.458   329.09
1972.542   328.05
1972.625   326.32
1972.708   324.93
1972.792   325.06
1972.875   326.50
1972.958   327.55
1973.042   328.54
1973.125   329.56
1973.208   330.30
1973.292   331.50
1973.375   332.48
1973.458   332.07
1973.542   330.87
1973.625   329.31
1973.708   327.51
1973.792   327.18
1973.875   328.16
1973.958   328.64
1974.042   329.35
1974.125   330.71
1974.208   331.48
1974.292   332.65
1974.375   333.19
1974.458   332.12
1974.542   330.99
1974.625   329.17
1974.708   327.41
1974.792   327.21
1974.875   328.34
1974.958   329.50
1975.042   330.68
1975.125   331.41
1975.208   331.85
1975.292   333.29
1975.375   333.91
1975.458   333.40
1975.542   331.74
1975.625   329.88
1975.708   328.57
1975.792   328.36
1975.875   329.33
1975.958   -99.99
1976.042   331.66
1976.125   332.75
1976.208   333.46
1976.292   334.78
1976.375   334.78
1976.458   334.06
1976.542   332.95
1976.625   330.64
1976.708   328.96
1976.792   328.77
1976.875   330.18
1976.958   331.65
1977.042   332.69
1977.125   333.23
1977.208   334.97
1977.292   336.03
1977.375   336.82
1977.458   336.10
1977.542   334.79
1977.625   332.53
1977.708   331.19
1977.792   331.21
1977.875   332.35
1977.958   333.47
1978.042   335.10
1978.125   335.26
1978.208   336.61
1978.292   337.77
1978.375   338.01
1978.458   337.98
1978.542   336.48
1978.625   334.37
1978.708   332.33
1978.792   332.41
1978.875   333.76
1978.958   334.83
1979.042   336.21
1979.125   336.65
1979.208   338.13
1979.292   338.94
1979.375   339.00
1979.458   339.20
1979.542   337.60
1979.625   335.56
1979.708   333.93
1979.792   334.12
1979.875   335.26
1979.958   336.78
1980.042   337.80
1980.125   338.28
1980.208   340.04
1980.292   340.86
1980.375   341.47
1980.458   341.26
1980.542   339.34
1980.625   337.45
1980.708   336.10
1980.792   336.05
1980.875   337.21
1980.958   338.29
1981.042   339.36
1981.125   340.51
1981.208   341.57
1981.292   342.56
1981.375   343.01
1981.458   342.49
1981.542   340.68
1981.625   338.49
1981.708   336.92
1981.792   337.12
1981.875   338.59
1981.958   339.90
1982.042   340.92
1982.125   341.69
1982.208   342.85
1982.292   343.92
1982.375   344.67
1982.458   343.78
1982.542   342.23
1982.625   340.11
1982.708   338.32
1982.792   338.39
1982.875   339.48
1982.958   340.88
1983.042   341.64
1983.125   342.87
1983.208   343.59
1983.292   345.25
1983.375   345.96
1983.458   345.52
1983.542   344.15
1983.625   342.25
1983.708   340.17
1983.792   340.30
1983.875   341.53
1983.958   343.07
1984.042   344.05
1984.125   344.77
1984.208   345.46
1984.292   -99.99
1984.375   347.55
1984.458   346.98
1984.542   345.55
1984.625   343.20
1984.708   341.35
1984.792   341.68
1984.875   343.06
1984.958   344.54
1985.042   345.25
1985.125   346.06
1985.208   347.66
1985.292   348.20
1985.375   348.92
1985.458   348.40
1985.542   346.66
1985.625   344.85
1985.708   343.20
1985.792   343.08
1985.875   344.40
1985.958   345.82
1986.042   346.54
1986.125   347.13
1986.208   348.05
1986.292   349.77
1986.375   350.53
1986.458   349.90
1986.542   348.11
1986.625   346.09
1986.708   345.01
1986.792   344.47
1986.875   345.86
1986.958   347.15
1987.042   348.38
1987.125   348.70
1987.208   349.72
1987.292   351.32
1987.375   352.14
1987.458   351.61
1987.542   349.91
1987.625   347.84
1987.708   346.52
1987.792   346.65
1987.875   347.95
1987.958   349.18
1988.042   350.38
1988.125   351.68
1988.208   352.24
1988.292   353.66
1988.375   354.18
1988.458   353.68
1988.542   352.58
1988.625   350.66
1988.708   349.03
1988.792   349.08
1988.875   350.15
1988.958   351.44
1989.042   352.89
1989.125   353.24
1989.208   353.80
1989.292   355.59
1989.375   355.89
1989.458   355.30
1989.542   353.98
1989.625   351.53
1989.708   350.02
1989.792   350.29
1989.875   351.44
1989.958   352.84
1990.042   353.79
1990.125   354.88
1990.208   355.65
1990.292   356.27
1990.375   357.29
1990.458   356.32
1990.542   354.89
1990.625   352.89
1990.708   351.28
1990.792   351.59
1990.875   353.05
1990.958   354.27
1991.042   354.87
1991.125   355.68
1991.208   357.06
1991.292   358.51
1991.375   359.09
1991.458   358.10
1991.542   356.12
1991.625   353.89
1991.708   352.30
1991.792   352.32
1991.875   353.79
1991.958   355.07
1992.042   356.17
1992.125   356.93
1992.208   357.82
1992.292   359.00
1992.375   359.55
1992.458   359.32
1992.542   356.85
1992.625   354.91
1992.708   352.93
1992.792   353.31
1992.875   354.27
1992.958   355.53
1993.042   356.86
1993.125   357.27
1993.208   358.36
1993.292   359.27
1993.375   360.19
1993.458   359.52
1993.542   357.42
1993.625   355.46
1993.708   354.10
1993.792   354.12
1993.875   355.40
1993.958   356.84
1994.042   358.22
1994.125   358.98
1994.208   359.91
1994.292   361.32
1994.375   361.68
1994.458   360.80
1994.542   359.39
1994.625   357.42
1994.708   355.63
1994.792   356.09
1994.875   357.56
1994.958   358.87
1995.042   359.87
1995.125   360.79
1995.208   361.77
1995.292   363.23
1995.375   363.77
1995.458   363.22
1995.542   361.70
1995.625   359.11
1995.708   358.11
1995.792   357.97
1995.875   359.40
1995.958   360.61
1996.042   362.04
1996.125   363.17
1996.208   364.17
1996.292   364.51
1996.375   365.16
1996.458   364.93
1996.542   363.53
1996.625   361.38
1996.708   359.60
1996.792   359.54
1996.875   360.84
1996.958   362.18
1997.042   363.04
1997.125   364.09
1997.208   364.47
1997.292   366.25
1997.375   366.69
1997.458   365.59
1997.542   364.34
1997.625   362.20
1997.708   360.31
1997.792   360.71
1997.875   362.44
1997.958   364.33
1998.042   365.18
1998.125   365.98
1998.208   367.13
1998.292   368.61
1998.375   369.49
1998.458   368.95
1998.542   367.74
1998.625   365.79
1998.708   364.01
1998.792   364.35
1998.875   365.52
1998.958   367.08
1999.042   368.12
1999.125   368.98
1999.208   369.60
1999.292   370.96
1999.375   370.77
1999.458   370.33
1999.542   369.28
1999.625   366.86
1999.708   364.94
1999.792   365.35
1999.875   366.68
1999.958   368.04
2000.042   369.25
2000.125   369.50
2000.208   370.56
2000.292   371.82
2000.375   371.51
2000.458   371.71
2000.542   369.85
2000.625   368.20
2000.708   366.91
2000.792   366.99
2000.875   368.33
2000.958   369.67
2001.042   370.52
2001.125   371.49
2001.208   372.53
2001.292   373.37
2001.375   373.82
2001.458   373.18
2001.542   371.57
2001.625   369.63
2001.708   368.16
2001.792   368.42
2001.875   369.69
2001.958   371.18
2002.042   372.45
2002.125   373.14
2002.208   373.93
2002.292   375.00
2002.375   375.65
2002.458   375.50
2002.542   374.00
2002.625   371.83
2002.708   370.66
2002.792   370.51
2002.875   372.20
2002.958   373.71
2003.042   374.87
2003.125   375.62
2003.208   376.48
2003.292   377.74
2003.375   378.50
2003.458   378.18
2003.542   376.72
2003.625   374.31
2003.708   373.20
2003.792   373.10
2003.875   374.64
2003.958   375.93
2004.042   377.00
2004.125   377.87
2004.208   378.73
2004.292   380.41
2004.375   380.63
2004.458   379.56
2004.542   377.61
2004.625   376.15
2004.708   374.11
2004.792   374.44
2004.875   375.93
2004.958   377.45
2005.042   378.47
2005.125   379.76
2005.208   381.14
2005.292   382.20
2005.375   382.47
2005.458   382.20
2005.542   380.78
2005.625   378.73
2005.708   376.66
2005.792   376.98
2005.875   378.29
2005.958   379.92
2006.042   381.35
2006.125   382.16
2006.208   382.66
2006.292   384.73
2006.375   384.98
2006.458   384.09
2006.542   382.38
2006.625   380.45
2006.708   378.92
2006.792   379.16
2006.875   380.18
2006.958   381.79
2007.042   382.93
2007.125   383.81
2007.208   384.56
2007.292   386.40
2007.375   386.58
2007.458   386.05
2007.542   384.49
2007.625   382.00
2007.708   380.90
2007.792   381.14
2007.875   382.42
2007.958   383.89
2008.042   385.44
2008.125   385.73
2008.208   385.97
2008.292   387.16
2008.375   388.50
2008.458   387.88
2008.542   386.42
2008.625   384.15
2008.708   383.09
2008.792   382.99
2008.875   384.13
2008.958   385.56
2009.042   386.93
2009.125   387.42
2009.208   388.77
2009.292   389.46
2009.375   390.19
2009.458   389.44
2009.542   387.91
2009.625   385.92
2009.708   384.79
2009.792   384.39
2009.875   386.00
2009.958   387.27
2010.042   388.45
2010.125   389.82
2010.208   391.08
2010.292   392.46
2010.375   392.95
2010.458   392.03
2010.542   390.13
2010.625   388.15
2010.708   386.80
2010.792   387.18
2010.875   388.59
2010.958   389.68
2011.042   391.19
2011.125   391.76
2011.208   392.40
2011.292   393.28
2011.375   394.16
2011.458   393.68
2011.542   392.39
2011.625   390.08
2011.708   389.00
2011.792   388.92
2011.875   390.20
2011.958   391.80
2012.042   393.09
2012.125   393.55
2012.208   394.44
2012.292   396.18
2012.375   396.78
2012.458   395.85
2012.542   394.29
2012.625   392.41